[[ 1.      , 0.995004, 0.980067, 0.955336, 0.921061, 0.877583, 0.825336,
   0.764842, 0.696707, 0.62161 , 0.540302],
 [ 0.980067, 0.955452, 0.921228, 0.877767, 0.825517, 0.765009, 0.696852,
   0.621729, 0.540391, 0.453649, 0.362358],
 [ 0.921061, 0.877743, 0.825573, 0.765106, 0.696965, 0.621843, 0.540499,
   0.45375 , 0.362466, 0.267558, 0.169967],
 [ 0.825336, 0.765005, 0.696949, 0.621878, 0.540559, 0.453819, 0.362535,
   0.267626, 0.170046, 0.070774,-0.0292  ],
 [ 0.696707, 0.621749, 0.540507, 0.453815, 0.362557, 0.267658, 0.170077,
   0.070798,-0.029179,-0.128846,-0.227202],
 [ 0.540302, 0.453696, 0.362499, 0.26764 , 0.170079, 0.070805,-0.029181,
  -0.128869,-0.227253,-0.323337,-0.416147],
 [ 0.362358, 0.267553, 0.170035, 0.07079 ,-0.029183,-0.128874,-0.227277,
  -0.323399,-0.416267,-0.504936,-0.588501],
 [ 0.169967, 0.070749,-0.029198,-0.128871,-0.227267,-0.323398,-0.416295,
  -0.505019,-0.588671,-0.666397,-0.737394],
 [-0.0292  ,-0.128865,-0.227246,-0.323365,-0.416257,-0.504992,-0.588678,
  -0.666469,-0.737577,-0.801273,-0.856889],
 [-0.227202,-0.323319,-0.416198,-0.50492 ,-0.588598,-0.666394,-0.73753 ,
  -0.801288,-0.857026,-0.904171,-0.942222],
 [-0.416147,-0.504846,-0.588501,-0.666276,-0.737394,-0.801144,-0.856889,
  -0.904072,-0.942222,-0.970958,-0.989992]]