[[-0.28541 ],
 [-0.27517 ],
 [-0.262181],
 [-0.246572],
 [-0.228499],
 [-0.208144],
 [-0.185708],
 [-0.161417],
 [-0.135513],
 [-0.262181],
 [-0.246572],
 [-0.228499],
 [-0.208144],
 [-0.185708],
 [-0.161417],
 [-0.135513],
 [-0.108256],
 [-0.079916],
 [-0.228499],
 [-0.208144],
 [-0.185708],
 [-0.161417],
 [-0.135513],
 [-0.108256],
 [-0.079916],
 [-0.050778],
 [-0.021133],
 [-0.185708],
 [-0.161417],
 [-0.135513],
 [-0.108256],
 [-0.079916],
 [-0.050778],
 [-0.021133],
 [ 0.008723],
 [ 0.038493],
 [-0.135513],
 [-0.108256],
 [-0.079916],
 [-0.050778],
 [-0.021133],
 [ 0.008723],
 [ 0.038493],
 [ 0.067877],
 [ 0.096584],
 [-0.079916],
 [-0.050778],
 [-0.021133],
 [ 0.008723],
 [ 0.038493],
 [ 0.067877],
 [ 0.096584],
 [ 0.124325],
 [ 0.150825],
 [-0.021133],
 [ 0.008723],
 [ 0.038493],
 [ 0.067877],
 [ 0.096584],
 [ 0.124325],
 [ 0.150825],
 [ 0.175817],
 [ 0.199052],
 [ 0.038493],
 [ 0.067877],
 [ 0.096584],
 [ 0.124325],
 [ 0.150825],
 [ 0.175817],
 [ 0.199052],
 [ 0.220299],
 [ 0.239344],
 [ 0.096584],
 [ 0.124325],
 [ 0.150825],
 [ 0.175817],
 [ 0.199052],
 [ 0.220299],
 [ 0.239344],
 [ 0.255999],
 [ 0.270095]]