[[-0.074081],
 [-0.073428],
 [-0.072593],
 [-0.071576],
 [-0.07038 ],
 [-0.069008],
 [-0.067463],
 [-0.06575 ],
 [-0.063873],
 [-0.061836],
 [-0.059644],
 [-0.057303],
 [-0.05482 ],
 [-0.052199],
 [-0.049447],
 [-0.046572],
 [-0.043581],
 [-0.04048 ],
 [-0.037279],
 [-0.072593],
 [-0.071576],
 [-0.07038 ],
 [-0.069008],
 [-0.067463],
 [-0.06575 ],
 [-0.063873],
 [-0.061836],
 [-0.059644],
 [-0.057303],
 [-0.05482 ],
 [-0.052199],
 [-0.049447],
 [-0.046572],
 [-0.043581],
 [-0.04048 ],
 [-0.037279],
 [-0.033984],
 [-0.030605],
 [-0.07038 ],
 [-0.069008],
 [-0.067463],
 [-0.06575 ],
 [-0.063873],
 [-0.061836],
 [-0.059644],
 [-0.057303],
 [-0.05482 ],
 [-0.052199],
 [-0.049447],
 [-0.046572],
 [-0.043581],
 [-0.04048 ],
 [-0.037279],
 [-0.033984],
 [-0.030605],
 [-0.027149],
 [-0.023625],
 [-0.067463],
 [-0.06575 ],
 [-0.063873],
 [-0.061836],
 [-0.059644],
 [-0.057303],
 [-0.05482 ],
 [-0.052199],
 [-0.049447],
 [-0.046572],
 [-0.043581],
 [-0.04048 ],
 [-0.037279],
 [-0.033984],
 [-0.030605],
 [-0.027149],
 [-0.023625],
 [-0.020042],
 [-0.016408],
 [-0.063873],
 [-0.061836],
 [-0.059644],
 [-0.057303],
 [-0.05482 ],
 [-0.052199],
 [-0.049447],
 [-0.046572],
 [-0.043581],
 [-0.04048 ],
 [-0.037279],
 [-0.033984],
 [-0.030605],
 [-0.027149],
 [-0.023625],
 [-0.020042],
 [-0.016408],
 [-0.012734],
 [-0.009028],
 [-0.059644],
 [-0.057303],
 [-0.05482 ],
 [-0.052199],
 [-0.049447],
 [-0.046572],
 [-0.043581],
 [-0.04048 ],
 [-0.037279],
 [-0.033984],
 [-0.030605],
 [-0.027149],
 [-0.023625],
 [-0.020042],
 [-0.016408],
 [-0.012734],
 [-0.009028],
 [-0.0053  ],
 [-0.001558],
 [-0.05482 ],
 [-0.052199],
 [-0.049447],
 [-0.046572],
 [-0.043581],
 [-0.04048 ],
 [-0.037279],
 [-0.033984],
 [-0.030605],
 [-0.027149],
 [-0.023625],
 [-0.020042],
 [-0.016408],
 [-0.012734],
 [-0.009028],
 [-0.0053  ],
 [-0.001558],
 [ 0.002188],
 [ 0.005928],
 [-0.049447],
 [-0.046572],
 [-0.043581],
 [-0.04048 ],
 [-0.037279],
 [-0.033984],
 [-0.030605],
 [-0.027149],
 [-0.023625],
 [-0.020042],
 [-0.016408],
 [-0.012734],
 [-0.009028],
 [-0.0053  ],
 [-0.001558],
 [ 0.002188],
 [ 0.005928],
 [ 0.009653],
 [ 0.013355],
 [-0.043581],
 [-0.04048 ],
 [-0.037279],
 [-0.033984],
 [-0.030605],
 [-0.027149],
 [-0.023625],
 [-0.020042],
 [-0.016408],
 [-0.012734],
 [-0.009028],
 [-0.0053  ],
 [-0.001558],
 [ 0.002188],
 [ 0.005928],
 [ 0.009653],
 [ 0.013355],
 [ 0.017022],
 [ 0.020648],
 [-0.037279],
 [-0.033984],
 [-0.030605],
 [-0.027149],
 [-0.023625],
 [-0.020042],
 [-0.016408],
 [-0.012734],
 [-0.009028],
 [-0.0053  ],
 [-0.001558],
 [ 0.002188],
 [ 0.005928],
 [ 0.009653],
 [ 0.013355],
 [ 0.017022],
 [ 0.020648],
 [ 0.024221],
 [ 0.027735],
 [-0.030605],
 [-0.027149],
 [-0.023625],
 [-0.020042],
 [-0.016408],
 [-0.012734],
 [-0.009028],
 [-0.0053  ],
 [-0.001558],
 [ 0.002188],
 [ 0.005928],
 [ 0.009653],
 [ 0.013355],
 [ 0.017022],
 [ 0.020648],
 [ 0.024221],
 [ 0.027735],
 [ 0.031179],
 [ 0.034544],
 [-0.023625],
 [-0.020042],
 [-0.016408],
 [-0.012734],
 [-0.009028],
 [-0.0053  ],
 [-0.001558],
 [ 0.002188],
 [ 0.005928],
 [ 0.009653],
 [ 0.013355],
 [ 0.017022],
 [ 0.020648],
 [ 0.024221],
 [ 0.027735],
 [ 0.031179],
 [ 0.034544],
 [ 0.037824],
 [ 0.041009],
 [-0.016408],
 [-0.012734],
 [-0.009028],
 [-0.0053  ],
 [-0.001558],
 [ 0.002188],
 [ 0.005928],
 [ 0.009653],
 [ 0.013355],
 [ 0.017022],
 [ 0.020648],
 [ 0.024221],
 [ 0.027735],
 [ 0.031179],
 [ 0.034544],
 [ 0.037824],
 [ 0.041009],
 [ 0.044092],
 [ 0.047064],
 [-0.009028],
 [-0.0053  ],
 [-0.001558],
 [ 0.002188],
 [ 0.005928],
 [ 0.009653],
 [ 0.013355],
 [ 0.017022],
 [ 0.020648],
 [ 0.024221],
 [ 0.027735],
 [ 0.031179],
 [ 0.034544],
 [ 0.037824],
 [ 0.041009],
 [ 0.044092],
 [ 0.047064],
 [ 0.049919],
 [ 0.052649],
 [-0.001558],
 [ 0.002188],
 [ 0.005928],
 [ 0.009653],
 [ 0.013355],
 [ 0.017022],
 [ 0.020648],
 [ 0.024221],
 [ 0.027735],
 [ 0.031179],
 [ 0.034544],
 [ 0.037824],
 [ 0.041009],
 [ 0.044092],
 [ 0.047064],
 [ 0.049919],
 [ 0.052649],
 [ 0.055247],
 [ 0.057707],
 [ 0.005928],
 [ 0.009653],
 [ 0.013355],
 [ 0.017022],
 [ 0.020648],
 [ 0.024221],
 [ 0.027735],
 [ 0.031179],
 [ 0.034544],
 [ 0.037824],
 [ 0.041009],
 [ 0.044092],
 [ 0.047064],
 [ 0.049919],
 [ 0.052649],
 [ 0.055247],
 [ 0.057707],
 [ 0.060023],
 [ 0.062189],
 [ 0.013355],
 [ 0.017022],
 [ 0.020648],
 [ 0.024221],
 [ 0.027735],
 [ 0.031179],
 [ 0.034544],
 [ 0.037824],
 [ 0.041009],
 [ 0.044092],
 [ 0.047064],
 [ 0.049919],
 [ 0.052649],
 [ 0.055247],
 [ 0.057707],
 [ 0.060023],
 [ 0.062189],
 [ 0.0642  ],
 [ 0.06605 ],
 [ 0.020648],
 [ 0.024221],
 [ 0.027735],
 [ 0.031179],
 [ 0.034544],
 [ 0.037824],
 [ 0.041009],
 [ 0.044092],
 [ 0.047064],
 [ 0.049919],
 [ 0.052649],
 [ 0.055247],
 [ 0.057707],
 [ 0.060023],
 [ 0.062189],
 [ 0.0642  ],
 [ 0.06605 ],
 [ 0.067735],
 [ 0.069251],
 [ 0.027735],
 [ 0.031179],
 [ 0.034544],
 [ 0.037824],
 [ 0.041009],
 [ 0.044092],
 [ 0.047064],
 [ 0.049919],
 [ 0.052649],
 [ 0.055247],
 [ 0.057707],
 [ 0.060023],
 [ 0.062189],
 [ 0.0642  ],
 [ 0.06605 ],
 [ 0.067735],
 [ 0.069251],
 [ 0.070593],
 [ 0.071759]]