[[-0.047767],
 [-0.046053],
 [-0.043879],
 [-0.041267],
 [-0.038242],
 [-0.034835],
 [-0.03108 ],
 [-0.027015],
 [-0.02268 ],
 [-0.043879],
 [-0.041267],
 [-0.038242],
 [-0.034835],
 [-0.03108 ],
 [-0.027015],
 [-0.02268 ],
 [-0.018118],
 [-0.013375],
 [-0.038242],
 [-0.034835],
 [-0.03108 ],
 [-0.027015],
 [-0.02268 ],
 [-0.018118],
 [-0.013375],
 [-0.008498],
 [-0.003537],
 [-0.03108 ],
 [-0.027015],
 [-0.02268 ],
 [-0.018118],
 [-0.013375],
 [-0.008498],
 [-0.003537],
 [ 0.00146 ],
 [ 0.006442],
 [-0.02268 ],
 [-0.018118],
 [-0.013375],
 [-0.008498],
 [-0.003537],
 [ 0.00146 ],
 [ 0.006442],
 [ 0.01136 ],
 [ 0.016164],
 [-0.013375],
 [-0.008498],
 [-0.003537],
 [ 0.00146 ],
 [ 0.006442],
 [ 0.01136 ],
 [ 0.016164],
 [ 0.020807],
 [ 0.025242],
 [-0.003537],
 [ 0.00146 ],
 [ 0.006442],
 [ 0.01136 ],
 [ 0.016164],
 [ 0.020807],
 [ 0.025242],
 [ 0.029425],
 [ 0.033314],
 [ 0.006442],
 [ 0.01136 ],
 [ 0.016164],
 [ 0.020807],
 [ 0.025242],
 [ 0.029425],
 [ 0.033314],
 [ 0.03687 ],
 [ 0.040057],
 [ 0.016164],
 [ 0.020807],
 [ 0.025242],
 [ 0.029425],
 [ 0.033314],
 [ 0.03687 ],
 [ 0.040057],
 [ 0.042844],
 [ 0.045204]]