[[-0.01236 ],
 [-0.012251],
 [-0.012111],
 [-0.011942],
 [-0.011742],
 [-0.011513],
 [-0.011256],
 [-0.01097 ],
 [-0.010657],
 [-0.010317],
 [-0.009951],
 [-0.009561],
 [-0.009146],
 [-0.008709],
 [-0.00825 ],
 [-0.00777 ],
 [-0.007271],
 [-0.006754],
 [-0.00622 ],
 [-0.012111],
 [-0.011942],
 [-0.011742],
 [-0.011513],
 [-0.011256],
 [-0.01097 ],
 [-0.010657],
 [-0.010317],
 [-0.009951],
 [-0.009561],
 [-0.009146],
 [-0.008709],
 [-0.00825 ],
 [-0.00777 ],
 [-0.007271],
 [-0.006754],
 [-0.00622 ],
 [-0.00567 ],
 [-0.005106],
 [-0.011742],
 [-0.011513],
 [-0.011256],
 [-0.01097 ],
 [-0.010657],
 [-0.010317],
 [-0.009951],
 [-0.009561],
 [-0.009146],
 [-0.008709],
 [-0.00825 ],
 [-0.00777 ],
 [-0.007271],
 [-0.006754],
 [-0.00622 ],
 [-0.00567 ],
 [-0.005106],
 [-0.004529],
 [-0.003942],
 [-0.011256],
 [-0.01097 ],
 [-0.010657],
 [-0.010317],
 [-0.009951],
 [-0.009561],
 [-0.009146],
 [-0.008709],
 [-0.00825 ],
 [-0.00777 ],
 [-0.007271],
 [-0.006754],
 [-0.00622 ],
 [-0.00567 ],
 [-0.005106],
 [-0.004529],
 [-0.003942],
 [-0.003344],
 [-0.002738],
 [-0.010657],
 [-0.010317],
 [-0.009951],
 [-0.009561],
 [-0.009146],
 [-0.008709],
 [-0.00825 ],
 [-0.00777 ],
 [-0.007271],
 [-0.006754],
 [-0.00622 ],
 [-0.00567 ],
 [-0.005106],
 [-0.004529],
 [-0.003942],
 [-0.003344],
 [-0.002738],
 [-0.002125],
 [-0.001506],
 [-0.009951],
 [-0.009561],
 [-0.009146],
 [-0.008709],
 [-0.00825 ],
 [-0.00777 ],
 [-0.007271],
 [-0.006754],
 [-0.00622 ],
 [-0.00567 ],
 [-0.005106],
 [-0.004529],
 [-0.003942],
 [-0.003344],
 [-0.002738],
 [-0.002125],
 [-0.001506],
 [-0.000884],
 [-0.00026 ],
 [-0.009146],
 [-0.008709],
 [-0.00825 ],
 [-0.00777 ],
 [-0.007271],
 [-0.006754],
 [-0.00622 ],
 [-0.00567 ],
 [-0.005106],
 [-0.004529],
 [-0.003942],
 [-0.003344],
 [-0.002738],
 [-0.002125],
 [-0.001506],
 [-0.000884],
 [-0.00026 ],
 [ 0.000365],
 [ 0.000989],
 [-0.00825 ],
 [-0.00777 ],
 [-0.007271],
 [-0.006754],
 [-0.00622 ],
 [-0.00567 ],
 [-0.005106],
 [-0.004529],
 [-0.003942],
 [-0.003344],
 [-0.002738],
 [-0.002125],
 [-0.001506],
 [-0.000884],
 [-0.00026 ],
 [ 0.000365],
 [ 0.000989],
 [ 0.001611],
 [ 0.002228],
 [-0.007271],
 [-0.006754],
 [-0.00622 ],
 [-0.00567 ],
 [-0.005106],
 [-0.004529],
 [-0.003942],
 [-0.003344],
 [-0.002738],
 [-0.002125],
 [-0.001506],
 [-0.000884],
 [-0.00026 ],
 [ 0.000365],
 [ 0.000989],
 [ 0.001611],
 [ 0.002228],
 [ 0.00284 ],
 [ 0.003445],
 [-0.00622 ],
 [-0.00567 ],
 [-0.005106],
 [-0.004529],
 [-0.003942],
 [-0.003344],
 [-0.002738],
 [-0.002125],
 [-0.001506],
 [-0.000884],
 [-0.00026 ],
 [ 0.000365],
 [ 0.000989],
 [ 0.001611],
 [ 0.002228],
 [ 0.00284 ],
 [ 0.003445],
 [ 0.004041],
 [ 0.004627],
 [-0.005106],
 [-0.004529],
 [-0.003942],
 [-0.003344],
 [-0.002738],
 [-0.002125],
 [-0.001506],
 [-0.000884],
 [-0.00026 ],
 [ 0.000365],
 [ 0.000989],
 [ 0.001611],
 [ 0.002228],
 [ 0.00284 ],
 [ 0.003445],
 [ 0.004041],
 [ 0.004627],
 [ 0.005202],
 [ 0.005763],
 [-0.003942],
 [-0.003344],
 [-0.002738],
 [-0.002125],
 [-0.001506],
 [-0.000884],
 [-0.00026 ],
 [ 0.000365],
 [ 0.000989],
 [ 0.001611],
 [ 0.002228],
 [ 0.00284 ],
 [ 0.003445],
 [ 0.004041],
 [ 0.004627],
 [ 0.005202],
 [ 0.005763],
 [ 0.006311],
 [ 0.006842],
 [-0.002738],
 [-0.002125],
 [-0.001506],
 [-0.000884],
 [-0.00026 ],
 [ 0.000365],
 [ 0.000989],
 [ 0.001611],
 [ 0.002228],
 [ 0.00284 ],
 [ 0.003445],
 [ 0.004041],
 [ 0.004627],
 [ 0.005202],
 [ 0.005763],
 [ 0.006311],
 [ 0.006842],
 [ 0.007356],
 [ 0.007852],
 [-0.001506],
 [-0.000884],
 [-0.00026 ],
 [ 0.000365],
 [ 0.000989],
 [ 0.001611],
 [ 0.002228],
 [ 0.00284 ],
 [ 0.003445],
 [ 0.004041],
 [ 0.004627],
 [ 0.005202],
 [ 0.005763],
 [ 0.006311],
 [ 0.006842],
 [ 0.007356],
 [ 0.007852],
 [ 0.008328],
 [ 0.008784],
 [-0.00026 ],
 [ 0.000365],
 [ 0.000989],
 [ 0.001611],
 [ 0.002228],
 [ 0.00284 ],
 [ 0.003445],
 [ 0.004041],
 [ 0.004627],
 [ 0.005202],
 [ 0.005763],
 [ 0.006311],
 [ 0.006842],
 [ 0.007356],
 [ 0.007852],
 [ 0.008328],
 [ 0.008784],
 [ 0.009217],
 [ 0.009628],
 [ 0.000989],
 [ 0.001611],
 [ 0.002228],
 [ 0.00284 ],
 [ 0.003445],
 [ 0.004041],
 [ 0.004627],
 [ 0.005202],
 [ 0.005763],
 [ 0.006311],
 [ 0.006842],
 [ 0.007356],
 [ 0.007852],
 [ 0.008328],
 [ 0.008784],
 [ 0.009217],
 [ 0.009628],
 [ 0.010014],
 [ 0.010376],
 [ 0.002228],
 [ 0.00284 ],
 [ 0.003445],
 [ 0.004041],
 [ 0.004627],
 [ 0.005202],
 [ 0.005763],
 [ 0.006311],
 [ 0.006842],
 [ 0.007356],
 [ 0.007852],
 [ 0.008328],
 [ 0.008784],
 [ 0.009217],
 [ 0.009628],
 [ 0.010014],
 [ 0.010376],
 [ 0.010711],
 [ 0.01102 ],
 [ 0.003445],
 [ 0.004041],
 [ 0.004627],
 [ 0.005202],
 [ 0.005763],
 [ 0.006311],
 [ 0.006842],
 [ 0.007356],
 [ 0.007852],
 [ 0.008328],
 [ 0.008784],
 [ 0.009217],
 [ 0.009628],
 [ 0.010014],
 [ 0.010376],
 [ 0.010711],
 [ 0.01102 ],
 [ 0.011301],
 [ 0.011554],
 [ 0.004627],
 [ 0.005202],
 [ 0.005763],
 [ 0.006311],
 [ 0.006842],
 [ 0.007356],
 [ 0.007852],
 [ 0.008328],
 [ 0.008784],
 [ 0.009217],
 [ 0.009628],
 [ 0.010014],
 [ 0.010376],
 [ 0.010711],
 [ 0.01102 ],
 [ 0.011301],
 [ 0.011554],
 [ 0.011778],
 [ 0.011972]]